-4.000000000000000000e+00 2.652083812882669811e+00
-3.991314680804832093e+00 2.660473677698292239e+00
-3.982628543767804175e+00 2.668864681376225345e+00
-3.973940918614309314e+00 2.677254629868562219e+00
-3.965255265867508871e+00 2.685645018958758179e+00
-3.956570912582245469e+00 2.694034538492160458e+00
-3.947883449450001692e+00 2.702423642827608941e+00
-3.939200206822891737e+00 2.710813540470458083e+00
-3.930513205233420404e+00 2.719201973956830720e+00
-3.921826036722351194e+00 2.727590864613563149e+00
-3.913142084340153204e+00 2.735979538850185744e+00
-3.904454074496081173e+00 2.744368097834136488e+00
-3.895769034069199055e+00 2.752756577294377394e+00
-3.887083463726354715e+00 2.761144199581844205e+00
-3.878397483470102713e+00 2.769531665224492123e+00
-3.869711271786727913e+00 2.777918840660679400e+00
-3.861025060746885451e+00 2.786305544753252317e+00
-3.852339131353553991e+00 2.794692249499981518e+00
-3.843653809128417365e+00 2.803078650250432791e+00
-3.834969459928184499e+00 2.811464407546113264e+00
-3.826283574800783960e+00 2.819849808007148351e+00
-3.817596761499451041e+00 2.828235059635979987e+00
-3.808909649976814915e+00 2.836619664570041000e+00
-3.800225630863935500e+00 2.845004346384413019e+00
-3.791539831707891217e+00 2.853388499279692958e+00
-3.782853093767332364e+00 2.861771505563713180e+00
-3.774166262570052055e+00 2.870155080433828054e+00
-3.765480185641063571e+00 2.878537305741450503e+00
-3.756795710390437470e+00 2.886919731524022925e+00
-3.748108818916259466e+00 2.895300970772331617e+00
-3.739423024936181061e+00 2.903682394733377858e+00
-3.730736963744029300e+00 2.912062555588502466e+00
-3.722051732942966762e+00 2.920442665854418252e+00
-3.713366165937315166e+00 2.928821743609423489e+00
-3.704679253349231871e+00 2.937200329745114580e+00
-3.695994446572725689e+00 2.945578375866868548e+00
-3.687308651740461407e+00 2.953955780450290725e+00
-3.678621153960202061e+00 2.962332393019669663e+00
-3.669935426118407396e+00 2.970708482719939703e+00
-3.661250755138331758e+00 2.979083786282836321e+00
-3.652564595664468339e+00 2.987458003859120304e+00
-3.643878493763014426e+00 2.995831679363836653e+00
-3.635192068379842656e+00 3.004205259736891342e+00
-3.626506873050362234e+00 3.012575726014386390e+00
-3.617820803039745403e+00 3.020945198345383442e+00
-3.609135515627389434e+00 3.029318831598367456e+00
-3.600449144137090496e+00 3.037685403699546427e+00
-3.591763427627043814e+00 3.046054012441115955e+00
-3.583076710944914200e+00 3.054421524462536119e+00
-3.574390795186503933e+00 3.062788741900196232e+00
-3.565705810226111883e+00 3.071152663809236127e+00
-3.557020374517059658e+00 3.079514077581292586e+00
-3.548333280513619403e+00 3.087877207498252563e+00
-3.539647998031640874e+00 3.096238944129404924e+00
-3.530961893333632862e+00 3.104599767437843827e+00
-3.522275495112297872e+00 3.112956718031303804e+00
-3.513590775881750172e+00 3.121313575691022191e+00
-3.504904063561843142e+00 3.129670561154159980e+00
-3.496218847020338139e+00 3.138021500176825018e+00
-3.487533072227884556e+00 3.146376133075389880e+00
-3.478846219188732380e+00 3.154725166151622240e+00
-3.470160441490236281e+00 3.163074865400056002e+00
-3.461475277884522139e+00 3.171422194734516697e+00
-3.452789136029558392e+00 3.179767161604465375e+00
-3.444103030026311796e+00 3.188112537165024296e+00
-3.435416779108518170e+00 3.196452541703389105e+00
-3.426731443671189759e+00 3.204792617945088740e+00
-3.418045792873526612e+00 3.213129773379307608e+00
-3.409359872650824741e+00 3.221466402214739677e+00
-3.400673792792286321e+00 3.229799549088648636e+00
-3.391987721784654575e+00 3.238128937528672147e+00
-3.383301881912802678e+00 3.246456725002306865e+00
-3.374615515643458519e+00 3.254782441043954755e+00
-3.365930008850655852e+00 3.263107967418197752e+00
-3.357243739791285986e+00 3.271428017054760495e+00
-3.348558187056987823e+00 3.279746770256180000e+00
-3.339872880969815050e+00 3.288061333561103528e+00
-3.331186523099214813e+00 3.296373369178862145e+00
-3.322500721863388407e+00 3.304682212691830934e+00
-3.313814343892091507e+00 3.312989311772156498e+00
-3.305129041531979617e+00 3.321291810170191372e+00
-3.296442966524230300e+00 3.329591082168199101e+00
-3.287757008587142149e+00 3.337886357048685859e+00
-3.279071229771916229e+00 3.346180787553649338e+00
-3.270384944300479990e+00 3.354469560483226420e+00
-3.261699173828209286e+00 3.362753824014549586e+00
-3.253013371697103473e+00 3.371036444087692985e+00
-3.244327862390291362e+00 3.379312771042528141e+00
-3.235641517164941305e+00 3.387587349804999537e+00
-3.226955559914860494e+00 3.395855612657007860e+00
-3.218269750548459651e+00 3.404120135433424288e+00
-3.209583933859222693e+00 3.412381577617596751e+00
-3.200898033354900196e+00 3.420637204524571207e+00
-3.192212045383548080e+00 3.428887674401825070e+00
-3.183526696234750375e+00 3.437133553367047512e+00
-3.174840772940278999e+00 3.445373763713177606e+00
-3.166154497284599412e+00 3.453610320205709350e+00
-3.157468765685005341e+00 3.461840545293320748e+00
-3.148782635933452756e+00 3.470066329903048974e+00
-3.140097104829936203e+00 3.478286494622075953e+00
-3.131410806906775424e+00 3.486499903744315620e+00
-3.122725430791368328e+00 3.494708244821958854e+00
-3.114039211677463559e+00 3.502910310983319064e+00
-3.105353356779942509e+00 3.511104942591531497e+00
-3.096667418734758481e+00 3.519294967231382909e+00
-3.087981583353330617e+00 3.527477806737978838e+00
-3.079295567400611944e+00 3.535653562022770480e+00
-3.070609687570609925e+00 3.543822288237227891e+00
-3.061923801812985069e+00 3.551983998144228938e+00
-3.053237845779163351e+00 3.560138665321472828e+00
-3.044552308209848679e+00 3.568286227203975258e+00
-3.035866291017008223e+00 3.576425436222074872e+00
-3.027180420060788801e+00 3.584557360525674863e+00
-3.018494433137381083e+00 3.592680735180914020e+00
-3.009808599452461042e+00 3.600795440889502430e+00
-3.001122798509739287e+00 3.608902401622567258e+00
-2.992435705377376465e+00 3.617000341120899076e+00
-2.983752441934946820e+00 3.625089071479862479e+00
-2.975063031962556614e+00 3.633169396434292153e+00
-2.966379248183716566e+00 3.641239051944366700e+00
-2.957692312870470630e+00 3.649299802137309090e+00
-2.949005782612253324e+00 3.657350384459936876e+00
-2.940323006415244134e+00 3.665391473462856542e+00
-2.931636002696827781e+00 3.673421822020733085e+00
-2.922948390786761941e+00 3.681441147775787570e+00
-2.914263579946667626e+00 3.689449160646968373e+00
-2.905577789018666479e+00 3.697446435731947645e+00
-2.896891021681877731e+00 3.705432623561065952e+00
-2.888206707663176331e+00 3.713406532167690788e+00
-2.879521492458309240e+00 3.721367854229043814e+00
-2.870835573933310236e+00 3.729317090153947856e+00
-2.862149203124321417e+00 3.737253089744463352e+00
-2.853462679585608175e+00 3.745176323386620876e+00
-2.844776346975723236e+00 3.753086438504996458e+00
-2.836090588873457996e+00 3.760982332140123674e+00
-2.827405824815541813e+00 3.768864437678613566e+00
-2.818719645630449300e+00 3.776732411398679545e+00
-2.810032701648727649e+00 3.784585200721935383e+00
-2.801348410478876616e+00 3.792423209728074784e+00
-2.792661904711643661e+00 3.800245420335321089e+00
-2.783976685872752821e+00 3.808051544757186324e+00
-2.775290872760781458e+00 3.815841963355364630e+00
-2.766602796937103204e+00 3.823615058598731853e+00
-2.757918451710542840e+00 3.831371232866017440e+00
-2.749231238264417065e+00 3.839110218319061740e+00
-2.740547086642876273e+00 3.846831134873924807e+00
-2.731859819110966203e+00 3.854533758916445674e+00
-2.723175286502433234e+00 3.862217871661098645e+00
-2.714487697933756216e+00 3.869882673360571346e+00
-2.705802811096068794e+00 3.877528561963749620e+00
-2.697117352653338074e+00 3.885153636477507888e+00
-2.688430488406170049e+00 3.892758343070765736e+00
-2.679745673199388722e+00 3.900342545254184223e+00
-2.671058013064396164e+00 3.907904499421349875e+00
-2.662373043565724906e+00 3.915445214767745874e+00
-2.653688109402997597e+00 3.922963035618583394e+00
-2.645000826074836109e+00 3.930457944850091589e+00
-2.636314703851719621e+00 3.937929424190978356e+00
-2.627629362177731132e+00 3.945376989562294323e+00
-2.618944514721542216e+00 3.952800189587835966e+00
-2.610258192483318140e+00 3.960198128180143495e+00
-2.601572118463518102e+00 3.967570907110899991e+00
-2.592886248527006554e+00 3.974917243979150694e+00
-2.584200608231056684e+00 3.982237302457739325e+00
-2.575513653225883992e+00 3.989529905575556867e+00
-2.566828833156888923e+00 3.996794396877094258e+00
-2.558143113899953747e+00 4.004028879023161736e+00
-2.549456841441580135e+00 4.011236242363469096e+00
-2.540770403215449669e+00 4.018413370062031476e+00
-2.532084224030357156e+00 4.025563907008637088e+00
-2.523398762215907976e+00 4.032679187233290996e+00
-2.514713085292437533e+00 4.039763001054311964e+00
-2.506026399725332698e+00 4.046815011912202387e+00
-2.497340772045430590e+00 4.053834917128662951e+00
-2.488655498340552441e+00 4.060822446110186945e+00
-2.479968683298608312e+00 4.067773643205653045e+00
-2.471283789599832303e+00 4.074692129822198972e+00
-2.462597775873650807e+00 4.081574118819346175e+00
-2.453911609164137531e+00 4.088419617016091578e+00
-2.445226249291880816e+00 4.095225160791153840e+00
-2.436540273875833051e+00 4.101997820353136426e+00
-2.427853601230399061e+00 4.108727346471372499e+00
-2.419168504587751567e+00 4.115420778392608447e+00
-2.410482675342436210e+00 4.122071635776869414e+00
-2.401796241665819842e+00 4.128683535146743466e+00
-2.393110463773283847e+00 4.135253537044109251e+00
-2.384424465314930242e+00 4.141782030495781974e+00
-2.375738536221244424e+00 4.148266316515395680e+00
-2.367053010741103414e+00 4.154706917973159719e+00
-2.358367272079270993e+00 4.161101353435145533e+00
-2.349680818112290126e+00 4.167450261693631752e+00
-2.340995158370050788e+00 4.173751357859923239e+00
-2.332308950898450028e+00 4.180005380456353947e+00
-2.323623769864120003e+00 4.186213050559129734e+00
-2.314937545383357165e+00 4.192369494823861231e+00
-2.306251952261814786e+00 4.198472885046272474e+00
-2.297566016786550147e+00 4.204526942999840422e+00
-2.288879752285766678e+00 4.210529862504676757e+00
-2.280194066495905503e+00 4.216479959180907677e+00
-2.271508239783635030e+00 4.222373060730303607e+00
-2.262822470369862060e+00 4.228212945356325747e+00
-2.254136228179719037e+00 4.233993080577533874e+00
-2.245450620251147722e+00 4.239717302157722578e+00
-2.236764486466993773e+00 4.245384334576153051e+00
-2.228078292447930320e+00 4.250990553819315565e+00
-2.219392534929663263e+00 4.256534947929658586e+00
-2.210707032730147681e+00 4.262016577956411645e+00
-2.202020993246222691e+00 4.267436919185179534e+00
-2.193335108471113681e+00 4.272792760665684142e+00
-2.184649419201488474e+00 4.278083356219632982e+00
-2.175963378160298500e+00 4.283305752580840675e+00
-2.167277186079167972e+00 4.288461624581513476e+00
-2.158591721092559368e+00 4.293545958432968490e+00
-2.149905405613299347e+00 4.298560538405577169e+00
-2.141219857969857809e+00 4.303500604952114728e+00
-2.132533690689309758e+00 4.308368029646368669e+00
-2.123848001594576207e+00 4.313158278230305953e+00
-2.115162171261268043e+00 4.317873289551463323e+00
-2.106476249935635536e+00 4.322506661225423485e+00
-2.097790350977237317e+00 4.327060445979236114e+00
-2.089104112547930381e+00 4.331532567271931811e+00
-2.080418313464471591e+00 4.335923038672880203e+00
-2.071732201549876251e+00 4.340225921257189867e+00
-2.063046656388449751e+00 4.344443364148307118e+00
-2.054360586581949200e+00 4.348571589842356033e+00
-2.045674982447136081e+00 4.352608882444476635e+00
-2.036988932235918703e+00 4.356555488173325053e+00
-2.028303052713046561e+00 4.360407842715877891e+00
-2.019617070876778442e+00 4.364164366879182744e+00
-2.010931247083383333e+00 4.367825376256651460e+00
-2.002245451529233389e+00 4.371385612602336934e+00
-1.993559631089804718e+00 4.374847287911761917e+00
-1.984875061834626475e+00 4.378207060193019196e+00
-1.976188052096097048e+00 4.381461655652703513e+00
-1.967502117142889695e+00 4.384609649349624050e+00
-1.958816616246080278e+00 4.387649613354288824e+00
-1.950131023700223398e+00 4.390574811048145953e+00
-1.941444921184871664e+00 4.393382140593857343e+00
-1.932757990485081345e+00 4.396068515800304333e+00
-1.924073652885345931e+00 4.398630855718772992e+00
-1.915387979134748564e+00 4.401060900019994726e+00
-1.906700915260950202e+00 4.403360775765524870e+00
-1.898015915427617495e+00 4.405522228343372149e+00
-1.889329498242625194e+00 4.407543857977062274e+00
-1.880641819358194855e+00 4.409419101271900843e+00
-1.871956326173542573e+00 4.411146437530258702e+00
-1.863269922849573046e+00 4.412722557118456734e+00
-1.854586034832116592e+00 4.414145730012954516e+00
-1.845898748128702582e+00 4.415415768843478084e+00
-1.837214619499559998e+00 4.416534000613390631e+00
-1.828528056058414508e+00 4.417499925578894704e+00
-1.819842572221919141e+00 4.418314552017504226e+00
-1.811155853453102926e+00 4.418975416148837709e+00
-1.802471344477229120e+00 4.419486523110052190e+00
-1.793784183009897060e+00 4.419845096636974446e+00
-1.785097896843704568e+00 4.420051513899855067e+00
-1.776413211953935090e+00 4.420107642427481665e+00
-1.767725773635860698e+00 4.420013540487967241e+00
-1.759041609472366874e+00 4.419767458359530110e+00
-1.750354121769089888e+00 4.419362523291399114e+00
-1.741669273591226474e+00 4.418786700419026658e+00
-1.732983236731900689e+00 4.418029357747562003e+00
-1.724297150551789892e+00 4.417074584817599181e+00
-1.715612133700439079e+00 4.415909412327036598e+00
-1.706924859877136047e+00 4.414522115520651546e+00
-1.698238833972192552e+00 4.412900499191310111e+00
-1.689553105522109133e+00 4.411030146797093821e+00
-1.680866863221336382e+00 4.408897694576337400e+00
-1.672181467671179034e+00 4.406492490578411747e+00
-1.663496238527939708e+00 4.403801468909071204e+00
-1.654810614118616963e+00 4.400819369394158187e+00
-1.646124143617304858e+00 4.397559399974931615e+00
-1.637438364198875895e+00 4.394029439461426989e+00
-1.628752912737070568e+00 4.390244276877610652e+00
-1.620065709308127433e+00 4.386215288436039472e+00
-1.611380229310451107e+00 4.381952163864518468e+00
-1.602694524593621717e+00 4.377464710495043043e+00
-1.594008569332674874e+00 4.372768441237884218e+00
-1.585322407031433345e+00 4.367871921539186353e+00
-1.576636145098759600e+00 4.362780196152377776e+00
-1.567951555653122941e+00 4.357481267737204789e+00
-1.559265614977634273e+00 4.351966282146064735e+00
-1.550578687675727485e+00 4.346223840678425709e+00
-1.541892691816170613e+00 4.340241793578293539e+00
-1.533207980145705474e+00 4.334011188761349054e+00
-1.524522035810857767e+00 4.327516273764712373e+00
-1.515835453776289032e+00 4.320750553066940114e+00
-1.507150247669901466e+00 4.313721728432243552e+00
-1.498464234364994985e+00 4.306448618215148905e+00
-1.489778150027265102e+00 4.298957818225932037e+00
-1.481092741159143911e+00 4.291268924581930655e+00
-1.472406184442295540e+00 4.283409788754584113e+00
-1.463720656045333302e+00 4.275398895799553678e+00
-1.455034514383872768e+00 4.267258578614662845e+00
-1.446348739785472626e+00 4.259010605900156676e+00
-1.437661923676945008e+00 4.250671234861742143e+00
-1.428976333464545778e+00 4.242255614216397852e+00
-1.420290696951435949e+00 4.233785250215497342e+00
-1.411605027057813988e+00 4.225275674304935336e+00
-1.402919402547279537e+00 4.216746333609974862e+00
-1.394232886273742311e+00 4.208212861742788746e+00
-1.385546792356605827e+00 4.199700338629511087e+00
-1.376861365387574754e+00 4.191224585737775676e+00
-1.368175882562076673e+00 4.182808249572545378e+00
-1.359489743528211836e+00 4.174472671139441537e+00
-1.350803436435631388e+00 4.166246528639327096e+00
-1.342117479067280073e+00 4.158175463927420878e+00
-1.333432415365253254e+00 4.150298885290665041e+00
-1.324746060124956992e+00 4.142649089092309111e+00
-1.316060062591404289e+00 4.135266259894026852e+00
-1.307374248418225138e+00 4.128134216517199029e+00
-1.298688523008332041e+00 4.121228170004958002e+00
-1.290002865596184600e+00 4.114530922570613036e+00
-1.281316493572681514e+00 4.108016736141650860e+00
-1.272630380133606298e+00 4.101674914596570964e+00
-1.263944692335214670e+00 4.095490157352072558e+00
-1.255258868470668254e+00 4.089456461899946049e+00
-1.246573223322349655e+00 4.083563531451188666e+00
-1.237887362766484367e+00 4.077774752163697336e+00
-1.229201726423379215e+00 4.072025521597817388e+00
-1.220515343147878795e+00 4.066258818884371351e+00
-1.211829506904007037e+00 4.060414512422346967e+00
-1.203143397750261245e+00 4.054436849978872992e+00
-1.194457685348652820e+00 4.048259190559747367e+00
-1.185771721476786666e+00 4.041826762637543702e+00
-1.177085628030622999e+00 4.035053319977079944e+00
-1.168400224610561811e+00 4.027822384711972958e+00
-1.159713823641018049e+00 4.020013044437408922e+00
-1.151028010917932498e+00 4.011583129716232321e+00
-1.142342507526736384e+00 4.002597980719908577e+00
-1.133656531242772658e+00 3.993162340218289419e+00
-1.124970586038132936e+00 3.983262193064953660e+00
-1.116284636200339131e+00 3.972660967167128465e+00
-1.107598715542025047e+00 3.961092994766364672e+00
-1.098912921977230228e+00 3.948462848090768862e+00
-1.090226877786594439e+00 3.934941104952812907e+00
-1.081541349622883175e+00 3.920714337007505712e+00
-1.072855056300670240e+00 3.905878415451094821e+00
-1.064169400903500318e+00 3.890467408140521055e+00
-1.055483770027310753e+00 3.874537478044757677e+00
-1.046797664131084327e+00 3.858221888803142541e+00
-1.038111638199581632e+00 3.841671624739157132e+00
-1.029425806395815268e+00 3.825070876731544889e+00
-1.020739884888461013e+00 3.808624132824752540e+00
-1.012054125158952544e+00 3.792538064097336736e+00
-1.003368388070570827e+00 3.777026419915063382e+00
-9.946821828849263802e-01 3.762306366177866401e+00
-9.859963859853296819e-01 3.748565543971599912e+00
-9.773118722063235397e-01 3.735900565701645526e+00
-9.686238565403758605e-01 3.724380743151820106e+00
-9.599398774966345638e-01 3.713982520742221460e+00
-9.512514241062201004e-01 3.704586309179847881e+00
-9.425659367317283932e-01 3.696043444169296421e+00
-9.338791547809018878e-01 3.688114462612208211e+00
-9.251945265256714679e-01 3.680538559812312371e+00
-9.165081301661911484e-01 3.673016296759606281e+00
-9.078234411006159688e-01 3.665226281809906617e+00
-8.991368445972364176e-01 3.656845350779752035e+00
-8.904518244010491967e-01 3.647549222212360664e+00
-8.817650437833545185e-01 3.637049207615647095e+00
-8.730799781424488648e-01 3.625118930689507302e+00
-8.643935421350306125e-01 3.611604365114727599e+00
-8.557091880445616416e-01 3.596468437446060484e+00
-8.470210039974900296e-01 3.579769881837673307e+00
-8.383355806427496004e-01 3.561685617689949179e+00
-8.296502608608160578e-01 3.542494291203195811e+00
-8.209655340679936630e-01 3.522579847844276024e+00
-8.122790986287831139e-01 3.502439411163763339e+00
-8.035916635469827485e-01 3.482639229945066806e+00
-7.949066606769165100e-01 3.463767607533143611e+00
-7.862220099206437274e-01 3.446342964824777422e+00
-7.775358570191577279e-01 3.430708611524852181e+00
-7.688491110453535837e-01 3.416964859076262240e+00
-7.601626793308752239e-01 3.404982445559253001e+00
-7.514774655089098143e-01 3.394406147566247700e+00
-7.427919656819423899e-01 3.384733233267527286e+00
-7.341048589858976126e-01 3.375343489545472142e+00
-7.254196122566037852e-01 3.365523550655063367e+00
-7.167327018782797543e-01 3.354563633223222929e+00
-7.080475977648488239e-01 3.341861683951449002e+00
-6.993610453646017522e-01 3.327074761750393517e+00
-6.906765016337332863e-01 3.310174822749711421e+00
-6.819909552406847597e-01 3.291437674900397514e+00
-6.733037422868883848e-01 3.271381521703036199e+00
-6.646183332080696227e-01 3.250729753614129525e+00
-6.559320944289824817e-01 3.230328835126471620e+00
-6.472465188547258386e-01 3.211011019000615807e+00
-6.385611603580848561e-01 3.193414031542050946e+00
-6.298756733643425809e-01 3.177807668950999975e+00
-6.211898059157736629e-01 3.164049338535554590e+00
-6.125033930644363522e-01 3.151633350572622394e+00
-6.038180947999628456e-01 3.139724853005909644e+00
-5.951320883104089798e-01 3.127302454598674952e+00
-5.864454351531702692e-01 3.113451987607180005e+00
-5.777599030709137384e-01 3.097677167686981203e+00
-5.690739678433477389e-01 3.080009234895601189e+00
-5.603878683671795757e-01 3.060852648183055802e+00
-5.517018923215311066e-01 3.040887030050130058e+00
-5.430163717544671531e-01 3.021023822031585038e+00
-5.343301925693745291e-01 3.002222235519126148e+00
-5.256438515070629425e-01 2.985037365985490521e+00
-5.169578742678170302e-01 2.969402398688826494e+00
-5.082728120706063724e-01 2.954762868404183784e+00
-4.995864942943057385e-01 2.940323699070960917e+00
-4.909010215131787147e-01 2.925198087130843838e+00
-4.822144428573093555e-01 2.908696752837036215e+00
-4.735289032211518201e-01 2.890700956276627487e+00
-4.648426472746299276e-01 2.871691416398790775e+00
-4.561566060321154414e-01 2.852416552730781429e+00
-4.474717052080499635e-01 2.833625783642143237e+00
-4.387852850521026804e-01 2.815845945266901129e+00
-4.300996373152854435e-01 2.799092999995879794e+00
-4.214135044346277725e-01 2.782860162946913629e+00
-4.127280401035305357e-01 2.766463412704133429e+00
-4.040421723403483378e-01 2.749306445007372979e+00
-3.953560585670997662e-01 2.731176029654704518e+00
-3.866699114402907256e-01 2.712416500323416191e+00
-3.779839941175044404e-01 2.693586263959053095e+00
-3.692986157653636026e-01 2.675149350512415758e+00
-3.606121346666846250e-01 2.657353252292209422e+00
-3.519270109843625205e-01 2.639928527420288606e+00
-3.432407931225245901e-01 2.622408841703778748e+00
-3.345550404349003082e-01 2.604461502177561449e+00
-3.258684989380700725e-01 2.585950022102241785e+00
-3.171827841632790523e-01 2.567191107883382450e+00
-3.084968013451843127e-01 2.548538047951077079e+00
-2.998113395808686410e-01 2.530152294743464481e+00
-2.911254948518220975e-01 2.511998266777988764e+00
-2.824393324786929060e-01 2.493760487887576094e+00
-2.737529802635721987e-01 2.475357337126760537e+00
-2.650674229590007092e-01 2.456830449452221288e+00
-2.563812833561495697e-01 2.438192557392164783e+00
-2.476956628689025441e-01 2.419456766382301005e+00
-2.390101378037355062e-01 2.400636406810149115e+00
-2.303243835787309735e-01 2.381743044287280231e+00
-2.216381678545836786e-01 2.362791498006948210e+00
-2.129520531374093362e-01 2.343794461871803403e+00
-2.042666252276744143e-01 2.324761767073677987e+00
-1.955804460425818181e-01 2.305708118347074453e+00
-1.868942601115350655e-01 2.286629344720414458e+00
-1.782088215126004238e-01 2.267526062014999955e+00
-1.695229663998182035e-01 2.248392636452390736e+00
-1.608369460423323682e-01 2.229226067486598684e+00
-1.521510595405025090e-01 2.210024073804232270e+00
-1.434650451632407953e-01 2.190782569929581314e+00
-1.347793206957882128e-01 2.171501205519161370e+00
-1.260931766986098657e-01 2.152175168399415028e+00
-1.174077333248149946e-01 2.132800619238787831e+00
-1.087213005783708719e-01 2.113378402183166749e+00
-1.000356681821988752e-01 2.093908242610268200e+00
-9.134987337388827955e-02 2.074384856330725668e+00
-8.266414524635136429e-02 2.054819812228921183e+00
-7.397773199464104110e-02 2.035209533090939882e+00
-6.529202696839203623e-02 2.015552546068581474e+00
-5.660590775360201804e-02 1.995854918334194927e+00
-4.792034578809549472e-02 1.976116029849988465e+00
-3.923440188000669460e-02 1.956337503376613274e+00
-3.054867451839621967e-02 1.936520779600984676e+00
-2.186241229392782079e-02 1.916667095345652605e+00
-1.317678026461817017e-02 1.896775809968008097e+00
-4.490725186963732789e-03 1.876848610852569044e+00
4.196657461371282663e-03 1.856884701061540799e+00
1.287938717128981302e-02 1.836884032480148976e+00
2.156552461339079907e-02 1.816846900695995082e+00
3.025149921643659201e-02 1.796773397032841668e+00
3.893791903861997666e-02 1.776664143916316663e+00
4.762527758178358023e-02 1.756518962237334502e+00
5.631014662830700207e-02 1.736337529847853389e+00
6.499677905922258969e-02 1.716120253335096546e+00
7.368169947628337713e-02 1.695867641759921440e+00
8.236882218790189669e-02 1.675580390221612426e+00
9.105464566445364838e-02 1.655258521769676028e+00
9.973932558767240053e-02 1.634901281151662333e+00
1.084263250004871976e-01 1.614510184223075795e+00
1.171121356923765372e-01 1.594086336667870585e+00
1.257967059084332540e-01 1.573628055329009623e+00
1.344831103950651918e-01 1.553137535741437425e+00
1.431678698917025205e-01 1.532614261397508004e+00
1.518538326090387858e-01 1.512058379791696217e+00
1.605405574028948845e-01 1.491470954184638709e+00
1.692275685049806633e-01 1.470852793223268673e+00
1.779114760940093409e-01 1.450201364103091972e+00
1.865975696398709804e-01 1.429519732975366164e+00
1.952851198985439962e-01 1.408806214584804151e+00
2.039706682628887047e-01 1.388063883338245708e+00
2.126562828857170573e-01 1.367288814548352827e+00
2.213411971931432132e-01 1.346485981219873285e+00
2.300271955693081183e-01 1.325651102713523155e+00
2.387133494360300923e-01 1.304787710983803972e+00
2.473987344758345752e-01 1.283895714597718785e+00
2.560848406840132152e-01 1.262972878805368460e+00
2.647706145218653440e-01 1.242021852479064048e+00
2.734573312582254667e-01 1.221043690520829506e+00
2.821438311688112544e-01 1.200037486560809663e+00
2.908289774082933321e-01 1.178999955662855204e+00
2.995160150100463214e-01 1.157937037085361442e+00
3.082014606510762311e-01 1.136847349957454067e+00
3.168862229433864752e-01 1.115730300526777130e+00
3.255731276401385155e-01 1.094586412759094740e+00
3.342586769539334646e-01 1.073414054381943927e+00
3.429454934537032318e-01 1.052216686734557927e+00
3.516301304224336843e-01 1.030992150063325008e+00
3.603169219332145179e-01 1.009739762769155780e+00
3.690023696239363993e-01 9.884644184272778356e-01
3.776886407333702733e-01 9.671621813653051847e-01
3.863740990854829804e-01 9.458347743509691874e-01
3.950606668782070674e-01 9.244819095449667845e-01
4.037466209787239357e-01 9.031046441833691096e-01
4.124319855383903888e-01 8.817018441090638259e-01
4.211167174489228726e-01 8.602745050803140003e-01
4.298039402138351117e-01 8.388232840665306167e-01
4.384885530595863390e-01 8.173471759768524691e-01
4.471750925760219486e-01 7.958473571709981931e-01
4.558615942442282853e-01 7.743234973686078382e-01
4.645476680635775013e-01 7.527765295089101638e-01
4.732328882254873692e-01 7.312058693982110835e-01
4.819182286105019308e-01 7.096116637729447119e-01
4.906045212012307144e-01 6.879942185228019591e-01
4.992910894460284021e-01 6.663541532485799390e-01
5.079772413914500628e-01 6.446916079987339288e-01
5.166622724633128660e-01 6.230072589000889005e-01
5.253480590738784928e-01 6.012993101943375773e-01
5.340337251907375515e-01 5.795709688546273330e-01
5.427208850468121515e-01 5.578186754231478917e-01
5.514060783326634185e-01 5.360468353448593071e-01
5.600920280030199372e-01 5.142514813836264187e-01
5.687776625236833361e-01 4.924362928222161817e-01
5.774642247089959435e-01 4.705986346907420903e-01
5.861494141601556462e-01 4.487403202773313504e-01
5.948354595333177341e-01 4.268624586825255918e-01
6.035211031390580461e-01 4.049636435634301201e-01
6.122072394691163710e-01 3.830429993057437033e-01
6.208925470200811203e-01 3.611023794462078218e-01
6.295787982608824773e-01 3.391432512274886180e-01
6.382645637624716484e-01 3.171624930384907004e-01
6.469504165758769298e-01 2.951623028394875226e-01
6.556368187277925585e-01 2.731425395569170855e-01
6.643222472350629459e-01 2.511026254141387470e-01
6.730089200669406857e-01 2.290441361312042234e-01
6.816942958422956833e-01 2.069661224097962549e-01
6.903803944874687959e-01 1.848673837829870048e-01
6.990664070107003303e-01 1.627525401308534680e-01
7.077523712461903926e-01 1.406180168616667503e-01
7.164382554606649744e-01 1.184631397753655863e-01
7.251239637771111912e-01 9.629113692139948388e-02
7.338093413310827762e-01 7.409933614994307360e-02
7.424957506876388447e-01 5.189308659469132889e-02
7.511812997102816913e-01 2.966374648301870962e-02
7.598671967431340768e-01 7.419159842575124078e-03
7.685530096661075117e-01 -1.484352811730038288e-02
7.772389983562922877e-01 -3.712420392432687344e-02
7.859246245543606291e-01 -5.942225995943564015e-02
7.946107192661259200e-01 -8.173789154360081022e-02
8.032966155490891547e-01 -1.040705205035982739e-01
8.119829705830517996e-01 -1.264207589571169077e-01
8.206683542288960576e-01 -1.487875298817987468e-01
8.293545983962096191e-01 -1.711719596687939771e-01
8.380401724742048142e-01 -1.935724130460788339e-01
8.467260707051682544e-01 -2.159892889217874257e-01
8.554119316608099766e-01 -2.384231953173059915e-01
8.640979488832611910e-01 -2.608732534562328009e-01
8.727836518016226508e-01 -2.833398652592392097e-01
8.814696811381088626e-01 -3.058222869706361258e-01
8.901554422761303043e-01 -3.283209298748911431e-01
8.988414165766203112e-01 -3.508355817561305545e-01
9.075279811332871427e-01 -3.733660953891936862e-01
9.162133090718300732e-01 -3.959122517554881093e-01
9.248992640142835731e-01 -4.184735840544019925e-01
9.335849678128594897e-01 -4.410503549775584564e-01
9.422710317572585703e-01 -4.636436018526319258e-01
9.509569801136121825e-01 -4.862511804792891690e-01
9.596427838066536875e-01 -5.088737295538273697e-01
9.683288167127671597e-01 -5.315108822924587972e-01
9.770148987678429764e-01 -5.541639235909466832e-01
9.857003480345892799e-01 -5.768311587083624348e-01
9.943866694239058557e-01 -5.995138182087955681e-01
1.003072595967674951e+00 -6.222112652050911796e-01
1.011756469545915360e+00 -6.449222066823095956e-01
1.020444155366574623e+00 -6.676484076678231849e-01
1.029132057479993145e+00 -6.903889930474340630e-01
1.037816789113316096e+00 -7.131440014775791703e-01
1.046502968298408831e+00 -7.359121215716459830e-01
1.055187138555754078e+00 -7.586951380062809669e-01
1.063873544950582062e+00 -7.814907528010685001e-01
1.072558684818883945e+00 -8.043023276546051870e-01
1.081246464874207502e+00 -8.271257195267651685e-01
1.089929826682249914e+00 -8.499654261891980145e-01
1.098616040824257123e+00 -8.728174245137887421e-01
1.107301568979617512e+00 -8.956802198942959148e-01
1.115989729748265047e+00 -9.185590732943128556e-01
1.124673736140976654e+00 -9.414525115562139002e-01
1.133360044403148192e+00 -9.643581697642168438e-01
1.142048279550895939e+00 -9.872766344033376829e-01
1.150731885414556954e+00 -1.010207687550618072e+00
1.159419796827598992e+00 -1.033152232614322541e+00
1.168105439826143899e+00 -1.056109951751527332e+00
1.176791356226498664e+00 -1.079080327736284151e+00
1.185476991628807042e+00 -1.102063515406472849e+00
1.194161768140207691e+00 -1.125059197649317611e+00
1.202847809835259074e+00 -1.148068099889134386e+00
1.211534339415678119e+00 -1.171088878147575452e+00
1.220220571440254531e+00 -1.194122780486456481e+00
1.228905714761024504e+00 -1.217168478731251779e+00
1.237591487804579948e+00 -1.240226426915971070e+00
1.246276945434061201e+00 -1.263296810851324059e+00
1.254963563612843780e+00 -1.286379272078446379e+00
1.263647902063999018e+00 -1.309474335782990995e+00
1.272333682899702056e+00 -1.332580671210239931e+00
1.281019724274845117e+00 -1.355699303685218071e+00
1.289707096674338693e+00 -1.378829952161790828e+00
1.298392349017668312e+00 -1.401972640059163000e+00
1.307078657986945780e+00 -1.425126439239572163e+00
1.315764688755467482e+00 -1.448292673402987951e+00
1.324449142987809136e+00 -1.471470225402861987e+00
1.333136809258306243e+00 -1.494660059395481744e+00
1.341822149802886832e+00 -1.517861338404158378e+00
1.350507741820037522e+00 -1.541073724176669879e+00
1.359193997743955773e+00 -1.564297344115748611e+00
1.367879368321484268e+00 -1.587532732397940904e+00
1.376566008318117929e+00 -1.610780739974902342e+00
1.385252259773015915e+00 -1.634038667538707967e+00
1.393938279570972494e+00 -1.657308929173710421e+00
1.402622427748527523e+00 -1.680589936830918063e+00
1.411309866066601693e+00 -1.703881311656410658e+00
1.419995378117200335e+00 -1.727186383689006233e+00
1.428680560066419414e+00 -1.750500799107282290e+00
1.437366819373615323e+00 -1.773825576676922422e+00
1.446052276031325023e+00 -1.797163079514253248e+00
1.454738178086568468e+00 -1.820511404428530877e+00
1.463424115811846615e+00 -1.843868990194702295e+00
1.472109644130582318e+00 -1.867237767757568001e+00
1.480795721819100574e+00 -1.890620592563333258e+00
1.489481758880237594e+00 -1.914010545459796209e+00
1.498168523165435806e+00 -1.937414255662729845e+00
1.506853951320192841e+00 -1.960823915623959079e+00
1.515540050197014432e+00 -1.984250560524977169e+00
1.524226006347672246e+00 -2.007684238417641431e+00
1.532911002422152169e+00 -2.031129628152282596e+00
1.541596715212237845e+00 -2.054585581956911877e+00
1.550283400979413750e+00 -2.078052506168047486e+00
1.558968829282665780e+00 -2.101530425469665175e+00
1.567655578284310902e+00 -2.125018654145609087e+00
1.576341350205792802e+00 -2.148517833217278294e+00
1.585027346899797074e+00 -2.172027528408096764e+00
1.593713503725209035e+00 -2.195548424178909830e+00
1.602398608980123873e+00 -2.219079559959787673e+00
1.611084670008864794e+00 -2.242622193735363201e+00
1.619770343811971713e+00 -2.266175427930633202e+00
1.628456368192439774e+00 -2.289738740479656975e+00
1.637142355174486363e+00 -2.313313691458048993e+00
1.645827879927099779e+00 -2.336899588477416412e+00
1.654513446795761844e+00 -2.360495581512807473e+00
1.663200397655309137e+00 -2.384103581240073488e+00
1.671885278830548938e+00 -2.407721067687321970e+00
1.680572089592827112e+00 -2.431350127526349603e+00
1.689257344657568272e+00 -2.454991176749520054e+00
1.697943858029253628e+00 -2.478642208407249470e+00
1.706629037265994908e+00 -2.502303407108600997e+00
1.715315444589045724e+00 -2.525977608606918334e+00
1.724001275920174159e+00 -2.549661577886528363e+00
1.732687211558124440e+00 -2.573357006357722021e+00
1.741373024698839256e+00 -2.597063191626124645e+00
1.750058439491513962e+00 -2.620781531202971415e+00
1.758744649258507264e+00 -2.644510167096614683e+00
1.767430461233555627e+00 -2.668252921341951023e+00
1.776116162948667920e+00 -2.692003635083113355e+00
1.784802666144291949e+00 -2.715767846168955391e+00
1.793488647715069551e+00 -2.739544598261985708e+00
1.802174190452881408e+00 -2.763334282924756913e+00
1.810859976344321387e+00 -2.787133508741057586e+00
1.819545909603208944e+00 -2.810945041118540821e+00
1.828231834701701697e+00 -2.834770516728529532e+00
1.836917541320155722e+00 -2.858606672871747190e+00
1.845604008445966837e+00 -2.882456940936766632e+00
1.854289641559939250e+00 -2.906319216402507344e+00
1.862975285486534904e+00 -2.930191353514175479e+00
1.871661069702953428e+00 -2.954078811274813088e+00
1.880347046646669185e+00 -2.977980131927357998e+00
1.889033197512240525e+00 -3.001895919079353270e+00
1.897718888143239635e+00 -3.025823713929232550e+00
1.906404544913446131e+00 -3.049765161301710048e+00
1.915091022806137300e+00 -3.073720335076440158e+00
1.923776454324034546e+00 -3.097689728251330710e+00
1.932462602759649206e+00 -3.121673566056732518e+00
1.941148043499938192e+00 -3.145672092174075729e+00
1.949834321164305440e+00 -3.169684695690056841e+00
1.958519926000403810e+00 -3.193712822798245643e+00
1.967206209265102590e+00 -3.217755332753790221e+00
1.975891595486626073e+00 -3.241813546095825505e+00
1.984577715581618884e+00 -3.265887747487088433e+00
1.993263360120202776e+00 -3.289977461969047390e+00
2.001949941084268048e+00 -3.314084578339271392e+00
2.010634878869721032e+00 -3.338207184599466526e+00
2.019319883193299692e+00 -3.362348190813684301e+00
2.028005651093023332e+00 -3.386505964262621404e+00
2.036692757502104545e+00 -3.410681644824709924e+00
2.045377751213213635e+00 -3.434876215281577938e+00
2.054065053664329454e+00 -3.459088935167107692e+00
2.062751156916883932e+00 -3.483320546205852963e+00
2.071436442953896950e+00 -3.507572092185399004e+00
2.080121199509480157e+00 -3.531843269188995826e+00
2.088809166461293110e+00 -3.556136458302703751e+00
2.097493312901949736e+00 -3.580449010973369095e+00
2.106180694454096614e+00 -3.604783723716102894e+00
2.114867749137179231e+00 -3.629139169969539669e+00
2.123551122788397194e+00 -3.653517930162564653e+00
2.132237269620692821e+00 -3.677919287994917852e+00
2.140922656001346791e+00 -3.702344519913346232e+00
2.149610109638492084e+00 -3.726792631731816297e+00
2.158296136480442495e+00 -3.751266770195195388e+00
2.166980404282483619e+00 -3.775764856283082782e+00
2.175668339905904247e+00 -3.800288693091721903e+00
2.184353514791733453e+00 -3.824842028519583437e+00
2.193038287669852870e+00 -3.849418540865868099e+00
2.201724770116379126e+00 -3.874027787428527603e+00
2.210409490041543190e+00 -3.898661987654366001e+00
2.219097046614025182e+00 -3.923326794360587400e+00
2.227783900853718357e+00 -3.948022137679443322e+00
2.236469240204919551e+00 -3.972748272433434202e+00
2.245154720913063784e+00 -3.997505640662514015e+00
2.253839384093050402e+00 -4.022298338565666320e+00
2.262527025295933747e+00 -4.047123320711164318e+00
2.271211771414130887e+00 -4.071982784003373546e+00
2.279897259766714424e+00 -4.096877984971035502e+00
2.288584544967285250e+00 -4.121809796552416749e+00
2.297270148908469700e+00 -4.146778922600205419e+00
2.305955091951847447e+00 -4.171786870389368573e+00
2.314642355257247708e+00 -4.196833877178134387e+00
2.323326367461831410e+00 -4.221921138062545431e+00
2.332014058005567492e+00 -4.247050078305064424e+00
2.340699856823801106e+00 -4.272221328496985215e+00
2.349384387682583064e+00 -4.297435921301100414e+00
2.358070066773095608e+00 -4.322695151223854282e+00
2.366757188634086795e+00 -4.348000377376314063e+00
2.375442295968523077e+00 -4.373352757500463817e+00
2.384129308408861725e+00 -4.398752899643359804e+00
2.392814741861073458e+00 -4.424201569118124233e+00
2.401500485946828967e+00 -4.449701920752440643e+00
2.410186528657108695e+00 -4.475252170408374752e+00
2.418872791449919735e+00 -4.500856125059548241e+00
2.427557511884968822e+00 -4.526513029935431476e+00
2.436243771399621671e+00 -4.552225088394614261e+00
2.444929667124694728e+00 -4.577991578064342093e+00
2.453616432875366016e+00 -4.603816350578870065e+00
2.462302143022022438e+00 -4.629699761297636940e+00
2.470987892117449292e+00 -4.655641134867688713e+00
2.479673184544116005e+00 -4.681642363229477688e+00
2.488358907755335192e+00 -4.707706261878067622e+00
2.497045813225319932e+00 -4.733831828817293363e+00
2.505730459079421379e+00 -4.760022699641350385e+00
2.514417577620157385e+00 -4.786275106050243089e+00
2.523102349365406560e+00 -4.812592097577446992e+00
2.531789198996178936e+00 -4.838976574876906689e+00
2.540474632546550815e+00 -4.865424493641141268e+00
2.549160266675481346e+00 -4.891939239917598492e+00
2.557846324437078156e+00 -4.918523071397441271e+00
2.566532943992568150e+00 -4.945172531969538099e+00
2.575217874890811220e+00 -4.971892567657675954e+00
2.583904637272455229e+00 -4.998677417744418428e+00
2.592589751622252692e+00 -5.025534824857425420e+00
2.601276469162649985e+00 -5.052458943193257390e+00
2.609961323724893312e+00 -5.079450939783590080e+00
2.618647323457026665e+00 -5.106510103727751826e+00
2.627333078413774281e+00 -5.133635853718081954e+00
2.636019247456720560e+00 -5.160827511783235622e+00
2.644705386876565090e+00 -5.188085331769621611e+00
2.653391020371839382e+00 -5.215407667537360403e+00
2.662076588260027243e+00 -5.242794586309953431e+00
2.670763357274774652e+00 -5.270245747868730568e+00
2.679448793124202144e+00 -5.297758215858862307e+00
2.688134945323487734e+00 -5.325330799232425250e+00
2.696821018702824979e+00 -5.352959514145039677e+00
2.705506212636059171e+00 -5.380643666790423829e+00
2.714193078006437165e+00 -5.408380073937866683e+00
2.722878144498892983e+00 -5.436165452592170766e+00
2.731564592279402959e+00 -5.463999934139799564e+00
2.740249758247250700e+00 -5.491878507645886032e+00
2.748936539580835614e+00 -5.519801837006776957e+00
2.757622228189567704e+00 -5.547764156502973165e+00
2.766307979106508608e+00 -5.575763753656540977e+00
2.774993333444612187e+00 -5.603797164609181536e+00
2.783679945762070673e+00 -5.631861935276453401e+00
2.792365070633615165e+00 -5.659950697450629065e+00
2.801051603545427149e+00 -5.688066102944438818e+00
2.809737436008292732e+00 -5.716199167729309139e+00
2.818423195370353351e+00 -5.744348858702046812e+00
2.827108747492283136e+00 -5.772511795582677685e+00
2.835795169974886232e+00 -5.800683725746895725e+00
2.844480903579312159e+00 -5.828864705983221484e+00
2.853166879764387431e+00 -5.857047692656568216e+00
2.861852697167035497e+00 -5.885232271087557976e+00
2.870538504002455582e+00 -5.913419518355766513e+00
2.879224370350377704e+00 -5.941604346848430751e+00
2.887910293999989886e+00 -5.969784958843151301e+00
2.896596206011192276e+00 -5.997963597740470831e+00
2.905281976003281308e+00 -6.026138162492447492e+00
2.913967946621336402e+00 -6.054302510425462636e+00
2.922653847981635966e+00 -6.082457731889772568e+00
2.931339873021381326e+00 -6.110602483087786752e+00
2.940025634182330094e+00 -6.138736286141708298e+00
2.948711685013036377e+00 -6.166859903179555680e+00
2.957397990010844691e+00 -6.194974475178307571e+00
2.966083040329739351e+00 -6.223080271277761533e+00
2.974769061441396190e+00 -6.251178055713257464e+00
2.983455331769595098e+00 -6.279268632040527542e+00
2.992141560090740615e+00 -6.307353096038942120e+00
3.000828711292845341e+00 -6.335430412890063145e+00
3.009514632972974280e+00 -6.363503076834356342e+00
3.018196857780484965e+00 -6.391571319200071599e+00
3.026884480188448467e+00 -6.419632783912465612e+00
3.035569810587602113e+00 -6.447687150496536290e+00
3.044257455638176069e+00 -6.475732432507445679e+00
3.052943906657024975e+00 -6.503769381435262176e+00
3.061629629069032799e+00 -6.531795980865815032e+00
3.070314987418117258e+00 -6.559809041344232483e+00
3.079000252303849550e+00 -6.587810025858231278e+00
3.087685606988422649e+00 -6.615797172166538509e+00
3.096371153688629807e+00 -6.643767567256876561e+00
3.105056919566269613e+00 -6.671722355590232745e+00
3.113742862429349945e+00 -6.699661082114787725e+00
3.122428876155531441e+00 -6.727580492964365000e+00
3.131114795848501497e+00 -6.755482908102895756e+00
3.139800402737300988e+00 -6.783369690612039982e+00
3.148485428828067256e+00 -6.811237394997510464e+00
3.157172585536190290e+00 -6.839087496973580649e+00
3.165858375466552577e+00 -6.866921176463245402e+00
3.174545317744748463e+00 -6.894735133151387529e+00
3.183229972195254831e+00 -6.922533980686371713e+00
3.191917476729060343e+00 -6.950309164022552721e+00
3.200601555233172135e+00 -6.978070962601725213e+00
3.209289766408561118e+00 -7.005810470335423368e+00
3.217973236807647019e+00 -7.033531612884824646e+00
3.226659181714297997e+00 -7.061233177534547600e+00
3.235346611156148633e+00 -7.088914335568528458e+00
3.244032065046235314e+00 -7.116575930476932932e+00
3.252717141057531069e+00 -7.144216834784278269e+00
3.261403248153941448e+00 -7.171837184632176232e+00
3.270089286016632180e+00 -7.199436188742524223e+00
3.278776457955644652e+00 -7.227013422241598484e+00
3.287461324592934275e+00 -7.254569950901395892e+00
3.296147237593386681e+00 -7.282104088445287893e+00
3.304832916693527523e+00 -7.309616947703072576e+00
3.313519223752313447e+00 -7.337107180362396619e+00
3.322204818009908855e+00 -7.364576576052314749e+00
3.330890423849463211e+00 -7.392023064803668220e+00
3.339576643176877635e+00 -7.419447925305004965e+00
3.348262015739057684e+00 -7.446850312456140486e+00
3.356948947006077599e+00 -7.474229814275474837e+00
3.365633973151094693e+00 -7.501587433456949228e+00
3.374319337102629657e+00 -7.528921086674073671e+00
3.383007041822538419e+00 -7.556231803380244472e+00
3.391691814689130613e+00 -7.583520927124558497e+00
3.400377365708929567e+00 -7.610786057247977965e+00
3.409063664618665612e+00 -7.638026762534339653e+00
3.417748955266616040e+00 -7.665242750907672153e+00
3.426436432648180208e+00 -7.692435507268203132e+00
3.435121001086350656e+00 -7.719603761939857201e+00
3.443807275002665147e+00 -7.746749250097993311e+00
3.452493314904716559e+00 -7.773866857705608702e+00
3.461178765955954528e+00 -7.800961011813052792e+00
3.469864707235661427e+00 -7.828030877173939750e+00
3.478550624076917064e+00 -7.855074140699947804e+00
3.487237388989863796e+00 -7.882092647138597918e+00
3.495922966039355817e+00 -7.909086237824009658e+00
3.504608129508669734e+00 -7.936055230656760884e+00
3.513293528354980211e+00 -7.962996048974052776e+00
3.521979694352361800e+00 -7.989912153001475836e+00
3.530665770124896241e+00 -8.016803258923642872e+00
3.539352152039535238e+00 -8.043668259388725872e+00
3.548037908954933872e+00 -8.070506995074783418e+00
3.556723321191952003e+00 -8.097319528571787828e+00
3.565409762896905921e+00 -8.124106268621508420e+00
3.574096117528351879e+00 -8.150866934088469407e+00
3.582781287809089665e+00 -8.177601099523856831e+00
3.591467534421031615e+00 -8.204309028753863586e+00
3.600153603453345230e+00 -8.230990650609442127e+00
3.608839339954859504e+00 -8.257646494720672692e+00
3.617524534886292553e+00 -8.284274860958438680e+00
3.626210983790431719e+00 -8.310877687768048361e+00
3.634897254490973673e+00 -8.337453702356864227e+00
3.643582945291414354e+00 -8.364003846824340727e+00
3.652268587144203771e+00 -8.390527252951695658e+00
3.660954603533437268e+00 -8.417024667346760580e+00
3.669640388481130611e+00 -8.443494875749626871e+00
3.678326227238873702e+00 -8.469939964659930709e+00
3.687011423400920140e+00 -8.496359099486777922e+00
3.695697894305410625e+00 -8.522751370912972746e+00
3.704383908856807572e+00 -8.549118391379929349e+00
3.713070325855639453e+00 -8.575459728873015663e+00
3.721755397792982478e+00 -8.601775187553261759e+00
3.730441487214473550e+00 -8.628064416197036124e+00
3.739127538419745544e+00 -8.654328345641230769e+00
3.747813286385424991e+00 -8.680569122433576368e+00
3.756499181221640615e+00 -8.706781128806598602e+00
3.765184825568590021e+00 -8.732971495012934682e+00
3.773871248417997482e+00 -8.759136376421620795e+00
3.782557181526256862e+00 -8.785275334473125142e+00
3.791243495501851246e+00 -8.811389271784989319e+00
3.799928172673070037e+00 -8.837480399207912285e+00
3.808614685846020365e+00 -8.863548969248293830e+00
3.817300878393321106e+00 -8.889588757431445387e+00
3.825986638454691668e+00 -8.915609632741235302e+00
3.834671796996614201e+00 -8.941604346848430751e+00
3.843358001349846731e+00 -8.967578690610695347e+00
3.852044260711652512e+00 -8.993529679008476663e+00
3.860730192038906772e+00 -9.019455802543104639e+00
3.869415375721109829e+00 -9.045360533854223561e+00
3.878101659455234440e+00 -9.071243750958926100e+00
3.886787861413380174e+00 -9.097104403286778052e+00
3.895473928987953638e+00 -9.122943833564711724e+00
3.904159205618612738e+00 -9.148761837268212460e+00
3.912845143526459513e+00 -9.174558951587361122e+00
3.921531454100168013e+00 -9.200334885030040155e+00
3.930217293287866287e+00 -9.226091472552360173e+00
3.938902816041592647e+00 -9.251827483787989692e+00
3.947588589368623779e+00 -9.277543779741273866e+00
3.956274589048876855e+00 -9.303240961448326019e+00
3.964960725435239475e+00 -9.328919767261151463e+00
3.973645925757144592e+00 -9.354579695788755700e+00
3.982332301407317310e+00 -9.380221317460465613e+00
3.991018185012630948e+00 -9.405844000088503520e+00
3.999704579297879814e+00 -9.431449806418619630e+00
4.008391489970480670e+00 -9.457038954967103450e+00
4.017075096376059307e+00 -9.482610098917286123e+00
4.025760407385563511e+00 -9.508165043043334208e+00
4.034447964353454985e+00 -9.533704899067529936e+00
4.043134262700103676e+00 -9.559227836689146329e+00
4.051819857875273989e+00 -9.584734436766240151e+00
4.060505197472449090e+00 -9.610226328572577970e+00
4.069190628508524199e+00 -9.635704215901336411e+00
4.077876404359280116e+00 -9.661167148155199058e+00
4.086562691366459887e+00 -9.686615831844862967e+00
4.095249575130869069e+00 -9.712050545527649348e+00
4.103933647899449255e+00 -9.737470601931569547e+00
4.112621756399717832e+00 -9.762878697987607879e+00
4.121307006619114865e+00 -9.788273578692775700e+00
4.129992632956989596e+00 -9.813654025669400482e+00
4.138678397747695747e+00 -9.839024537712397489e+00
4.147364014517229691e+00 -9.864380829619735280e+00
4.156049152396346535e+00 -9.889726867702865576e+00
4.164736412307801672e+00 -9.915062853577294888e+00
4.173422297235982903e+00 -9.940387362322427478e+00
4.182109226338791785e+00 -9.965700496618461912e+00
4.190793765755439715e+00 -9.990999780375965145e+00
4.199478171363596246e+00 -1.001629344571635727e+01
4.208164459202434315e+00 -1.004157612645428976e+01
4.216851783284379707e+00 -1.006684944619442312e+01
4.225536709752336861e+00 -1.009211375499097940e+01
4.234223605219204600e+00 -1.011736960499488625e+01
4.242908982006529328e+00 -1.014261623571856319e+01
4.251594423838406023e+00 -1.016785528091784485e+01
4.260281325775673089e+00 -1.019308573942274343e+01
4.268966229767504394e+00 -1.021830851799576578e+01
4.277652756159054270e+00 -1.024352364414684757e+01
4.286339684071581502e+00 -1.026873123191259296e+01
4.295025818777852500e+00 -1.029393201218032949e+01
4.303709992447787513e+00 -1.031912535327070479e+01
4.312395295566044950e+00 -1.034431231874552815e+01
4.321082438191844233e+00 -1.036949279973844540e+01
4.329767939899589635e+00 -1.039466585818091460e+01
4.338454501423512966e+00 -1.041983370717467139e+01
4.347138688418375807e+00 -1.044499629094533866e+01
4.355824925605802811e+00 -1.047015274855357703e+01
4.364511597523287101e+00 -1.049530491186398429e+01
4.373197145125175211e+00 -1.052045060143880306e+01
4.381883670264955732e+00 -1.054559270250752867e+01
4.390569510345950555e+00 -1.057073071728966873e+01
4.399254797327283306e+00 -1.059586445114778464e+01
4.407941285172475077e+00 -1.062099378615305945e+01
4.416627195426008790e+00 -1.064611837559640151e+01
4.425312451988199669e+00 -1.067124131898122563e+01
4.433998518129015132e+00 -1.069635907268152408e+01
4.442683541766461630e+00 -1.072147503526298173e+01
4.451370357106538833e+00 -1.074658929520963291e+01
4.460056992552903665e+00 -1.077169718883709493e+01
4.468743037570127363e+00 -1.079680387506496686e+01
4.477428047766093933e+00 -1.082190980308070749e+01
4.486114384504483077e+00 -1.084701184343820479e+01
4.494799988073787667e+00 -1.087211158614519135e+01
4.503485616802112013e+00 -1.089720967437854604e+01
4.512171903898586578e+00 -1.092230513411341342e+01
4.520856747678442034e+00 -1.094739838912532015e+01
4.529543276784351313e+00 -1.097249138392175460e+01
4.538229278121935550e+00 -1.099757905410333692e+01
4.546915108655265492e+00 -1.102266880843358621e+01
4.555601031529354472e+00 -1.104775694548595411e+01
4.564287222678047762e+00 -1.107284324327093650e+01
4.572972616173710314e+00 -1.109792854124941108e+01
4.581659576984526083e+00 -1.112301358423574094e+01
4.590344640747857419e+00 -1.114809741613171212e+01
4.599030013735240452e+00 -1.117318040547634261e+01
4.607716593449777243e+00 -1.119826297855470187e+01
4.616403037903698880e+00 -1.122334457185388779e+01
4.625088041815327067e+00 -1.124842607627379287e+01
4.633774373921049516e+00 -1.127350752008191748e+01
4.642459573807553141e+00 -1.129858832000904556e+01
4.651146154586464299e+00 -1.132366952090307066e+01
4.659831613695440744e+00 -1.134875009972424031e+01
4.668517303513270988e+00 -1.137383112553057884e+01
4.677203491922923284e+00 -1.139891174315733480e+01
4.685889463144388145e+00 -1.142399285102801620e+01
4.694575367580996250e+00 -1.144907366686256722e+01
4.703261277457999157e+00 -1.147415475496181081e+01
4.711947192667674145e+00 -1.149923539075507328e+01
4.720633046330640070e+00 -1.152431573946315346e+01
4.729319520047568837e+00 -1.154939682423874281e+01
4.738004793036299844e+00 -1.157447882157389785e+01
4.746690233320199681e+00 -1.159955872312907843e+01
